11
0,,,,,0,0,0.00,0.00,0,0,,,,0,0,0.00,0.00,0,0,,,,0,0,0.00,0.00,0,0,0.00,0.00,0,0,,,0,0,0.00,0.00,0,0,0.00,0.00,0,0,0.00,0.00,0,0,,,0,0,0.00,0.00,0,0,,,0,0,0.00,0.00,0,0
0,,,,,0,0,0.00,0.00,0,0,,,,0,0,0.00,0.00,0,0,,,,0,0,0.00,0.00,0,0,0.00,0.00,0,0,,,0,0,0.00,0.00,0,0,0.00,0.00,0,0,0.00,0.00,0,0,,,0,0,0.00,0.00,0,0,,,0,0,0.00,0.00,0,0
0,,,,,0,0,0.00,0.00,0,0,,,,0,0,0.00,0.00,0,0,,,,0,0,0.00,0.00,0,0,0.00,0.00,0,0,,,0,0,0.00,0.00,0,0,0.00,0.00,0,0,0.00,0.00,0,0,,,0,0,0.00,0.00,0,0,,,0,0,0.00,0.00,0,0
0,,,,,0,0,0.00,0.00,0,0,,,,0,0,0.00,0.00,0,0,,,,0,0,0.00,0.00,0,0,0.00,0.00,0,0,,,0,0,0.00,0.00,0,0,0.00,0.00,0,0,0.00,0.00,0,0,,,0,0,0.00,0.00,0,0,,,0,0,0.00,0.00,0,0
0,,,,,0,0,0.00,0.00,0,0,,,,0,0,0.00,0.00,0,0,,,,0,0,0.00,0.00,0,0,0.00,0.00,0,0,,,0,0,0.00,0.00,0,0,0.00,0.00,0,0,0.00,0.00,0,0,,,0,0,0.00,0.00,0,0,,,0,0,0.00,0.00,0,0
1234,parth,indore,jphpur,12/02/2023,1200,1400,1000.00,200.00,2123,244,00.00,2123,244,,,0,0,0.00,0.00,0,0,00.00,2123,244,00.00,2123,244,,,0,0,0.00,0.00,0,0,,,0,0,0.00,0.00,0,0,00.00,2123,244,00.00,2Ň,00.00,2123,244,00.00,2123,244,,,0,0,0.00,0.00,0,0,00.00,2123,244,00.00,2123,244,,,0,0,0.00,0.00,0,0,,,0,0,0.00,0.00,0,0,00.00,2123,244,00.00,2Ň,00.00,2123,244,00.00,2123,244,,,0,0,0.00,0.00,0,0,,,0,0,0.00,0.00,0,0,00.00,2123,244,00.00,2Ň,,,0,0,0.00,0.00,0,0,00.00,2123,244,00.00,2Ň,808463408,741355566,0.00,0.00,774909996,841756720
1234,partAfaf,indorewwer,jofhgur,12/04/2025,1400,1800,100.00,13.00,34,32,00.00,13.00,34,32,,,0,0,0.00,0.00,0,0,00.00,13.00,34,32,00.00,13.00,34,32,,,0,0,0.00,0.00,0,0,0,0,0,,0,0,0.00,0.00,0,0,00.00,13.00,34,32,00.00,13.00,34,32,,,0,0,0.00,0.00,0,0,00.00,13.00,34,32,00.00,13.00,34,32,,,0,0,0.00,0.00,0,0,0,0,0,,0,0,0.00,0.00,0,0,0,0,0,00.00,13.00,34,32,00.00,13.00,34,32,,,0,0,0.00,0.00,0,0,0,0,0,,0,0,0.00,0.00,0,0,00,0.00,0,0,0,0,0,,0,0,0.00,0.00,0,0,808202284,808333356,0.00,0.00,805318700,808333356
123456789,pARTHH,asdfgh,adsfghjk,12/05/2025,1234,2345,1234.00,123.00,12,23,0,123.00,12,23,,,0,0,0.00,0.00,0,0,0,123.00,12,23,0,123.00,12,23,,,0,0,0.00,0.00,0,0,,,0,0,0.00,0.00,0,0
123456,parthssgd,pfasfasf,dfasd,12/05,1234,1235,1234.00,123.00,100,50,23.00,100,50,,,0,0,0.00,0.00,0,0
1234,parth,parth,nagpur,12/03/2027,1300,1200,1000.00,300.00,100,200,0.00,100,200,,,0,0,0.00,0.00,0,0
7,lokesh,udaipur,jaipur,10/10/2026,1400,1000,400.00,300.00,100,120
